0...:
--------------------------------------------------------------------------------------
D:\kaggle\Right_Whale_Recognition\data\hoc_description
iter = 0; cov = 0.0703483; num_words_ = 256 : 14,1537,3,1580,645,812,41264,99,1318,2,1,3203,11463,8940,2217,3204,185,5412,3523,3542,104,2756,7856,1400,4184,3,2437,9551,99,77,353,5705,355,39,140525,135,588,56,7995,4309,1362,3,2479,1880,381,29,17,159,3401,146,197,517,30554,14,36922,4,2576,270,4751,2034,13,551,17,4505,376974,4,5228,441,5662,666,1348,1111,401,4232,130,136,241,12972,8896,5290,81,578,8,337,33497,9,1512,9987,307,762,6,2057,117,0,5244,3465,1731,50601,243,91,1140,627,571,18735,3940,835,2149,780,295,1656,5030,912,6338,3176,17,1662,87,4,1,9377,642,5,1979,11,67,6580,5,12704,23,254,306,2671,208,197,2994,114986,1819,1049,1574,358,404,1,4541,730,266,67,22,0,220,5638,290,261,13542,492,495,114981,1997,96,15539,2329,3308,4744,212,167,3,293,218,115,5278,368,3375,2412,6,718,12516,280,2,270,1764,665,5,2042,3499,2,9303,14611,158,5565,80,0,189,119,1795,5473,32622,117340,1305,3519,9813,27,9,612,7,26,4273,285,1738,477,5347,0,546,25,51,927,2,8663,110,6003,359,77,718,16,129,2120,94,4047,210,24,231,107,4276,9800,5909,16313,27,745,3011,17784,500,1844,24,733,45263,4001,620,6519,18,40,1980,78,6,844,712,1995,6564,4172,
sum_point = 1687505
deleteCenter == true
iter = 1; cov = 0.0647011; num_words_ = 252 : 976,5990,18470,1760,2162,25,13,8164,7983,6516,1176,4860,507,5668,4383,3311,161,3137,7172,1514,3357,24,2448,6992,931,130,1816,4305,429,1097,81603,408,1029,122,6258,3877,2126,8,2272,7095,427,184,188,735,16832,634,501,2060,41281,69,73895,30,2101,308,2504,5489,68,1783,114,5859,161752,31,12713,1927,5619,941,1988,1640,415,3616,938,1372,485,36247,5064,7112,311,1362,16,508,35243,12,1664,7828,603,1461,42,12779,137,0,10003,3601,3690,72761,709,195,1407,1337,1448,26256,5855,928,2843,1645,225,3242,3023,3130,8937,4702,28,3370,314,11,2,11039,917,7,4484,282,1056,6709,10,18359,145,3605,757,2609,498,447,3528,115594,2979,3233,4311,766,582,9,3742,985,380,400,140,0,393,9706,770,578,24639,657,8035,99469,2442,655,11363,5213,4522,3279,429,1370,1,393,1911,512,5992,1202,5130,11648,40,939,10254,1079,13,254,2038,1118,11,1598,5215,2,5589,19089,278,3523,203,0,955,1338,2822,4856,67615,120694,1256,2986,5133,60,13,1158,597,151,4892,1031,3511,606,2298,0,939,3071,259,1069,1,5819,484,5265,507,395,1359,33,744,4998,965,4416,2091,68,459,224,7640,5156,4375,20895,87,1122,2874,35746,743,1702,26,2649,54136,2072,2161,4831,374,496,3500,268,7,1726,880,1820,5619,3512,
sum_point = 1687505
deleteCenter == true
iter = 2; cov = 0.0628902; num_words_ = 248 : 1945,52,26,9830,7160,11635,1296,5411,595,5188,4802,3684,314,2920,8789,1799,2750,27,2350,7070,1384,163,2634,3685,600,1676,72362,725,1388,186,5064,4245,2091,9,1964,9587,481,422,654,3762,15750,941,527,3506,46776,2737,74645,27,1638,308,2187,9309,138,2310,198,6577,132379,71,20084,2430,5601,865,3203,1947,380,5488,2077,1780,468,39850,4552,7381,653,1455,21,651,34480,414,2379,6347,730,2376,39,18910,158,0,12105,4707,4598,68426,1132,421,1803,1515,2161,27500,9261,936,2365,2028,233,4999,2562,3326,11739,7409,29,3183,364,11,4,10732,869,9,5803,2229,2244,5588,12,17521,174,7808,769,1969,1116,658,3100,93795,3144,2783,3677,788,545,22,4193,1485,543,419,267,0,500,9210,921,1136,30379,582,11922,81756,2338,900,11341,5023,5512,2921,550,1962,2,485,2845,1012,5741,1601,5285,11713,195,828,8761,1593,28,359,1504,1222,607,1484,4771,7,4984,19547,374,2750,261,0,942,1765,2900,4424,70506,120915,1624,3004,3993,59,13,1284,1452,370,5227,1555,6137,766,2336,0,1160,4062,582,1299,1,4578,510,5018,636,518,2104,34,1247,5153,1349,4590,2584,99,509,232,7038,5773,3427,20378,161,1190,3287,38996,890,1490,25,2796,58109,1596,2542,4311,1794,3331,3840,550,8,2842,1067,2049,5141,3878,
sum_point = 1687505
deleteCenter == true
iter = 3; cov = 0.0620803; num_words_ = 244 : 6600,12168,1508,5766,637,4263,5665,3832,554,2781,9474,2105,2409,32,2119,5909,1864,209,3012,3823,686,1571,74242,1106,1582,233,5175,4661,1931,9,1675,10617,531,699,963,9461,15862,1176,530,4522,42026,3543,64517,27,1288,348,2239,13105,216,2729,203,7637,124306,217,25858,2693,5476,905,4534,2274,343,6402,3227,1754,466,42627,4027,7328,965,1483,24,818,33087,606,2686,5739,792,3163,73,22174,183,0,10865,5367,4816,65091,1464,673,2161,1632,2779,27040,11787,964,2232,2192,261,6126,2281,3548,14904,10930,28,3117,436,15,6,11498,738,9,6555,3965,4207,5272,15,16139,187,9230,755,1819,1643,865,2721,84507,3377,2263,3279,832,570,69,4496,1886,726,403,368,0,615,8643,1170,1629,30034,562,13690,75969,2071,1095,11555,5063,5702,2842,606,2233,4,560,3143,1484,4671,1987,5581,11002,509,706,7510,1884,42,448,1297,1294,952,1535,5018,11,4653,17139,492,2790,289,0,961,1967,2840,4125,70975,118697,1633,3130,3721,57,15,1380,2216,561,4952,1823,7258,1007,2616,0,1231,4190,1001,1409,1,3587,500,5041,824,609,2652,38,1449,5033,1232,4702,3755,121,525,266,7320,5385,2769,19494,239,1502,3706,39012,926,1338,29,2767,57535,1615,2929,4355,1928,3145,4306,828,8,3821,1215,2091,5245,4238,
sum_point = 1687505
deleteCenter == true
