0...:
--------------------------------------------------------------------------------------
D:\kaggle\Right_Whale_Recognition\data\hoc_description
iter = 0; cov = 0.0720275; num_words_ = 64 : 2656,1456,3541,841,785,2814,6,4693,9311,2564,1471,7581,6504,5,3019,89,2,8163,179,175,3037,67,2241,0,1661,2750,16,4350,6150,4181,762,289,5983,1727,322,2217,3337,0,4,662,4721,1265,8900,2605,0,34747,1520,43086,250,436,61,1621,6629,33,576,51,30,402,1221,11822,322,227457,393,7306,
sum_point = 451065
deleteCenter == true
iter = 1; cov = 0.0681412; num_words_ = 61 : 1410,1424,4974,54,5171,6816,5292,3598,5182,5767,13,2428,451,801,7743,588,312,5049,413,1270,0,1807,5219,37,16930,4506,3315,1225,2432,4283,2206,458,2685,3289,0,47,2746,4742,5563,5637,4736,0,24624,5242,20675,702,2449,262,3863,4213,762,4313,526,249,1513,5099,33293,859,199152,6676,5974,
sum_point = 451065
cov < KMEANS_STOP_THRESHOLD : 0.0681412<0.07 break iter
iter = 1; cov = 0.0681412; num_words_ = 61 : 1410,1424,4974,54,5171,6816,5292,3598,5182,5767,13,2428,451,801,7743,588,312,5049,413,1270,0,1807,5219,37,16930,4506,3315,1225,2432,4283,2206,458,2685,3289,0,47,2746,4742,5563,5637,4736,0,24624,5242,20675,702,2449,262,3863,4213,762,4313,526,249,1513,5099,33293,859,199152,6676,5974,
sum_point = 451065
0complete
--------------------------------------------------------------------------------------
cov = 0.0681412
num_words_ = 61
splitCenter=10
1...:
--------------------------------------------------------------------------------------
D:\kaggle\Right_Whale_Recognition\data\hoc_description
iter = 0; cov = 0.066534; num_words_ = 58 : 47,5511,6446,4750,3904,4406,5562,25,3588,888,1291,6926,727,365,5993,1895,1170,0,1576,5414,104,16844,4858,2888,1716,4547,4659,2646,1452,2317,3248,0,76,5275,4376,6650,5218,6451,0,20619,7166,17245,1034,2618,503,4564,4299,2466,9806,736,271,3629,5776,61690,1420,151991,16555,4868,
sum_point = 451065
cov < KMEANS_STOP_THRESHOLD : 0.066534<0.07 break iter
iter = 0; cov = 0.066534; num_words_ = 58 : 47,5511,6446,4750,3904,4406,5562,25,3588,888,1291,6926,727,365,5993,1895,1170,0,1576,5414,104,16844,4858,2888,1716,4547,4659,2646,1452,2317,3248,0,76,5275,4376,6650,5218,6451,0,20619,7166,17245,1034,2618,503,4564,4299,2466,9806,736,271,3629,5776,61690,1420,151991,16555,4868,
sum_point = 451065
1complete
--------------------------------------------------------------------------------------
cov = 0.066534
num_words_ = 58
splitCenter=11
2...:
--------------------------------------------------------------------------------------
D:\kaggle\Right_Whale_Recognition\data\hoc_description
