0...:
--------------------------------------------------------------------------------------
D:\kaggle\Right_Whale_Recognition\data\hoc_description
iter = 0; cov = 0.0723731; num_words_ = 64 : 6964,159,14,55,23,118,984,7,11482,1959,3191,51,20946,708,663,2616,3596,6641,17405,1043,38,815,9580,292,11413,207,2723,599,3417,196,393,3,1225,8621,2910,605,7211,10,52,1900,426,1026,4130,105543,138867,8106,225,1205,17572,519,561,385,1732,8,945,422,29139,1053,1627,15,2371,1900,454,1999,
sum_point = 451065
iter = 1; cov = 0.0664941; num_words_ = 64 : 4668,1043,24,242,133,350,1180,38,19201,3774,3453,2522,13423,2645,3258,4056,9379,3571,24918,2037,449,5306,15243,467,21644,527,3045,3829,4133,465,1770,13,1409,15503,3356,931,4725,19,820,3305,1063,2518,4052,86210,98338,10090,571,1460,11200,2119,1581,606,4457,53,3114,4540,19314,2323,2159,103,3808,1351,364,2797,
sum_point = 451065
iter = 2; cov = 0.0650956; num_words_ = 64 : 3671,1871,29,431,733,527,1088,92,23902,3849,3818,2276,9659,4458,4695,4941,8525,2666,26117,2579,475,6013,15521,582,24665,734,2662,4225,5355,615,2435,23,1848,15434,3691,1045,4432,29,1038,3433,1714,3650,4652,84223,83122,9439,724,1161,8893,1854,1927,625,5672,52,5497,4168,17390,3253,2846,250,4075,1629,427,3640,
sum_point = 451065
iter = 3; cov = 0.0643335; num_words_ = 64 : 3106,2290,34,627,1408,641,1034,249,26923,3758,4182,2172,7740,5154,5079,5274,8301,2356,28361,3223,481,6067,15331,705,26145,773,2312,4499,5835,715,2798,29,2705,13929,3657,1140,4424,36,1039,3329,2166,5177,5329,79761,75506,9192,849,961,7427,1564,2075,688,6253,59,7125,3769,16726,4109,3246,275,4250,1744,561,4392,
sum_point = 451065
iter = 4; cov = 0.0638499; num_words_ = 64 : 2697,2674,36,884,1869,722,1028,838,29893,3614,4523,2106,6500,4916,5248,5468,8193,2102,30698,3653,482,6386,15377,786,26887,797,2072,4641,5868,767,3072,35,3703,11297,3333,1211,4426,43,1056,3077,2507,6451,5754,76498,70116,9355,969,858,6500,1483,2156,775,6758,87,7682,3321,16581,4973,3260,305,4414,1778,695,4811,
sum_point = 451065
iter = 5; cov = 0.0634617; num_words_ = 64 : 2385,3058,38,1203,1914,791,1042,1660,32756,3415,4773,2067,5589,4123,5378,5732,8094,1867,32984,3985,476,6663,15615,870,27222,828,1868,4691,5693,822,3388,44,4542,8764,2940,1296,4466,49,1067,2849,2887,7629,6171,73634,65983,9512,1046,796,5915,1456,2286,845,6602,99,7690,3232,16652,5822,3275,347,4515,1807,796,5061,
sum_point = 451065
iter = 6; cov = 0.063009; num_words_ = 64 : 2135,3381,39,1724,1780,852,1038,2166,35253,3195,4869,2052,4905,4014,5580,6013,8054,1739,34423,4252,479,6757,15893,942,27344,861,1681,4704,5501,890,3731,52,5143,5681,2680,1385,4562,54,1075,2941,3289,8661,6653,71522,61960,9639,1117,784,5489,1442,2427,940,6775,101,7345,3186,17141,6616,3288,408,4608,1942,856,5056,
sum_point = 451065
iter = 7; cov = 0.0628431; num_words_ = 64 : 1959,3572,39,2537,1691,918,1042,2387,37292,2980,4758,2046,4437,3973,5802,6119,8217,1665,34211,4447,482,6702,16299,1005,27301,897,1552,4719,5312,965,4151,60,5801,5507,2445,1506,4637,58,1086,3309,3640,9953,7195,68163,57696,9762,1146,795,5156,1440,2530,1045,6984,101,6861,3151,17716,7379,3288,418,4689,2193,864,5014,
sum_point = 451065
iter = 8; cov = 0.0627139; num_words_ = 64 : 1834,3702,40,3319,1684,987,1052,2508,38686,2773,4600,2045,4018,3968,5967,6175,8478,1628,33359,4570,484,6560,16758,1078,27059,932,1446,4721,5126,1035,4637,68,6504,5410,2236,1581,4771,62,1115,3675,4030,11697,7745,65125,54087,9899,1150,814,4897,1440,2648,1159,7082,104,6406,3124,18248,7891,3281,418,4729,2469,850,5121,
sum_point = 451065
iter = 9; cov = 0.0626039; num_words_ = 64 : 1765,3773,42,3927,1688,1059,1046,2585,39730,2578,4446,2046,3685,3973,6082,6204,8761,1613,32437,4658,484,6420,17244,1128,26566,953,1371,4716,5000,1107,5385,90,6961,5363,2068,1639,4940,68,1156,3911,4444,13858,8422,61999,50940,9994,1167,850,4631,1441,2776,1258,7134,102,5993,3105,18598,8359,3279,419,4787,2761,841,5239,
sum_point = 451065
iter = 10; cov = 0.0625076; num_words_ = 64 : 1710,3865,44,4368,1688,1126,1055,2593,40299,2446,4403,2041,3455,3974,6065,6230,9106,1627,31542,4742,482,6264,17677,1155,26064,964,1311,4699,4850,1178,6436,143,7306,5344,1961,1672,5136,71,1213,4102,4884,16062,9245,58848,48180,9999,1177,903,4377,1441,2914,1382,7176,103,5637,3077,18729,8808,3279,417,4807,2972,834,5407,
sum_point = 451065
iter = 11; cov = 0.0624049; num_words_ = 64 : 1650,3925,47,4709,1689,1194,1049,2593,40379,2325,4380,2041,3242,3976,6055,6191,9416,1653,30730,4832,480,6144,18253,1179,25455,981,1264,4654,4727,1241,7933,295,7375,5338,1882,1649,5295,72,1272,4180,5325,18345,10225,55624,45811,9966,1188,984,4190,1438,3053,1485,7194,109,5332,3048,18728,9148,3282,418,4841,3193,846,5547,
sum_point = 451065
iter = 12; cov = 0.0622994; num_words_ = 64 : 1596,3976,50,4911,1691,1256,1058,2585,39738,2224,4380,2041,3056,3982,5984,6183,9586,1676,30010,4944,479,6030,18851,1181,24799,1006,1216,4607,4637,1304,9832,587,6734,5332,1809,1561,5416,74,1341,4156,5782,20736,11252,53289,43549,9951,1180,1083,4001,1434,3223,1560,7194,106,5118,3025,18769,9438,3269,419,4896,3371,854,5687,
sum_point = 451065
iter = 13; cov = 0.0621904; num_words_ = 64 : 1563,3987,53,5044,1691,1313,1076,2545,38851,2140,4381,2037,2918,3984,5877,6099,9668,1672,28794,5052,479,5958,19518,1186,24109,1031,1181,4583,4550,1375,12202,964,5778,5326,1749,1508,5499,76,1439,4142,6253,22936,12203,51512,41712,9912,1187,1173,3835,1432,3351,1609,7194,107,4975,2999,18734,9672,3267,420,4972,3538,859,5815,
sum_point = 451065
iter = 14; cov = 0.0620709; num_words_ = 64 : 1528,3978,58,5080,1691,1383,1101,2484,37807,2050,4416,2037,2803,3981,5787,6030,9644,1645,27551,5159,479,5882,20121,1193,23491,1031,1156,4537,4494,1448,15016,1378,4868,5323,1713,1489,5590,70,1566,4122,6766,24759,12984,49688,40192,9846,1201,1237,3688,1430,3489,1652,7186,109,4869,2982,18775,9778,3267,420,5083,3721,863,5900,
sum_point = 451065
iter = 15; cov = 0.0620134; num_words_ = 64 : 1497,3961,60,5119,1690,1435,1129,2419,36855,1964,4435,2037,2692,3979,5674,5982,9570,1598,25473,5227,480,5833,20806,1216,22985,1052,1129,4483,4432,1543,17990,1774,5093,5320,1691,1481,5674,67,1721,4093,7246,26192,13615,47699,38792,9745,1199,1302,3557,1427,3644,1680,7177,109,4802,2966,18732,9925,3261,421,5203,3912,875,5925,
sum_point = 451065
iter = 16; cov = 0.0619611; num_words_ = 64 : 1475,3917,62,5074,1690,1498,1152,2373,35802,1897,4475,2037,2597,3975,5565,5948,9416,1553,23258,5275,480,5772,21502,1236,22614,1063,1102,4433,4365,1627,21041,2099,5195,5319,1679,1502,5748,66,1895,4129,7790,27309,14254,46146,37424,9639,1207,1379,3444,1427,3825,1698,7177,108,4760,2935,18696,10027,3261,421,5308,4080,888,5956,
sum_point = 451065
iter = 17; cov = 0.0619104; num_words_ = 64 : 1449,3890,65,5079,1691,1552,1181,2355,34741,1861,4499,2039,2529,3969,5473,5872,9250,1519,20915,5339,480,5712,22166,1246,22342,1092,1081,4397,4297,1701,24061,2316,5239,5315,1662,1541,5831,64,2073,4185,8356,28164,15025,44863,36053,9498,1178,1459,3327,1424,4006,1711,7172,108,4725,2898,18679,10105,3257,421,5456,4223,909,5979,
sum_point = 451065
iter = 18; cov = 0.0618553; num_words_ = 64 : 1427,3847,69,5084,1691,1619,1192,2361,33785,1820,4568,2039,2468,3966,5388,5761,9088,1500,18266,5342,478,5662,22895,1265,22137,1110,1063,4348,4218,1754,26942,2455,5257,5314,1636,1564,5929,60,2314,4231,8944,28907,15915,43892,34647,9370,1175,1527,3229,1421,4249,1722,7177,106,4679,2845,18596,10202,3255,421,5586,4365,937,5985,
sum_point = 451065
iter = 19; cov = 0.0618024; num_words_ = 64 : 1414,3783,73,5059,1691,1668,1199,2369,32827,1770,4647,2039,2405,3963,5275,5653,8917,1509,15827,5343,478,5627,23628,1270,22027,1115,1057,4290,4144,1813,29575,2531,5269,5314,1621,1606,6037,57,2543,4280,9564,29580,16816,42776,33358,9177,1177,1603,3176,1421,4496,1739,7185,107,4661,2765,18640,10214,3252,421,5722,4522,967,6013,
sum_point = 451065
iter = 20; cov = 0.0617484; num_words_ = 64 : 1396,3731,74,5014,1691,1701,1219,2374,32133,1730,4703,2040,2352,3964,5146,5573,8740,1538,14206,5313,478,5564,24498,1275,21973,1124,1053,4245,4077,1884,31712,2601,5270,5315,1611,1644,6142,62,2800,4259,10164,29691,17638,41414,32300,9014,1175,1679,3119,1420,4734,1767,7199,104,4658,2624,18640,10264,3252,422,5853,4638,987,6084,
sum_point = 451065
iter = 21; cov = 0.0616936; num_words_ = 64 : 1371,3660,75,4950,1691,1743,1245,2384,31651,1706,4750,2042,2314,3964,5038,5509,8630,1568,12909,5276,479,5511,25371,1281,22106,1136,1057,4188,4025,1956,33419,2635,5264,5315,1602,1677,6242,65,3091,4189,10768,29384,18476,39985,31426,8853,1175,1727,3037,1419,5039,1787,7208,103,4637,2348,18709,10350,3254,423,5971,4752,1012,6137,
sum_point = 451065
iter = 22; cov = 0.0616187; num_words_ = 64 : 1344,3611,75,4883,1692,1777,1256,2390,31392,1680,4845,2040,2260,3963,4911,5476,8551,1592,11947,5247,480,5454,26252,1283,22333,1143,1062,4106,3961,2030,34587,2672,5257,5314,1594,1714,6322,68,3443,4088,11437,28645,19249,38828,30549,8647,1185,1759,2971,1418,5410,1818,7214,104,4615,1974,18834,10401,3254,424,6128,4879,1028,6199,
sum_point = 451065
iter = 23; cov = 0.0615742; num_words_ = 64 : 1327,3549,78,4835,1693,1828,1268,2409,31470,1648,4900,2041,2200,3963,4848,5408,8383,1603,10890,5218,481,5408,27228,1277,22675,1142,1066,3981,3896,2108,35271,2684,5251,5313,1586,1749,6401,68,3802,3983,12076,28012,19956,37257,29792,8466,1191,1785,2942,1418,5784,1848,7224,105,4592,1942,19043,10454,3253,424,6285,4971,1051,6265,
sum_point = 451065
abs(cov - cov_pre) < KMEANS_STOP_THRESHOLD / 1000 && sign_num_sum == false4.44874e-005 < 5e-005, sign_num_sum = 0, num_words_ : 64 , break 
0complete
--------------------------------------------------------------------------------------
cov = 0.0615742
num_words_ = 64
splitCenter=1 num_words_=128
1...:
--------------------------------------------------------------------------------------
D:\kaggle\Right_Whale_Recognition\data\hoc_description
iter = 0; cov = 0.0600071; num_words_ = 128 : 647,1694,42,2110,904,959,547,1143,14648,763,2263,966,1187,1855,2381,2513,3961,779,4723,2520,248,2562,13099,602,10894,564,562,2071,1831,1047,16998,1295,2594,2582,779,821,3236,31,1840,1822,5704,12848,9763,26481,14621,3918,573,803,1529,685,2841,863,2637,50,2247,957,8957,4884,1623,192,3332,2275,475,2912,662,1824,42,2678,791,923,736,1281,16994,856,2728,1073,971,2113,2398,2829,4287,834,4988,2685,235,2812,15148,676,12103,586,505,1706,2012,1108,18716,1403,2656,2730,797,969,3270,33,2276,2070,6969,14540,10855,9593,14321,4379,621,1007,1369,733,3326,998,4603,59,2330,968,10280,5620,1628,231,3150,2758,585,3385,
sum_point = 451065
iter = 1; cov = 0.0580685; num_words_ = 128 : 739,2035,46,1815,915,1032,558,1292,16595,652,2333,1226,1329,2379,2625,2732,4080,954,4415,2826,245,2403,12709,622,11626,532,594,2460,1711,1303,14480,1297,2956,2573,1089,755,3424,35,1654,2203,5143,15404,9445,24207,14233,4355,612,682,1661,769,2773,708,2623,46,2579,1051,9328,4590,1793,247,5092,1863,358,2735,623,1762,37,2805,773,1002,856,1180,14200,1053,2870,997,708,1826,2194,2674,4068,917,4979,2639,259,2775,14045,625,10759,557,442,2394,1954,951,21709,1225,2528,3117,695,1109,3647,44,2852,1770,7986,12573,10898,10018,13355,3640,634,1195,1323,662,3605,1082,5280,65,1948,892,9305,6032,1793,224,2313,2953,722,3401,
sum_point = 451065
iter = 2; cov = 0.0575012; num_words_ = 128 : 710,2113,51,1636,921,1036,526,1287,19135,583,2357,1430,1280,2347,2635,2499,4058,1070,3715,2807,248,2158,13023,659,11275,537,478,2430,1633,1315,12291,1425,3334,2624,1171,694,3396,37,1525,2722,4937,14594,8840,22878,12194,4677,622,583,1740,831,2856,661,2661,45,2658,1217,10350,4579,1807,259,6675,1771,310,2592,618,1653,34,2849,760,1090,935,1218,11428,1151,3218,976,595,1864,1974,2711,4268,952,5170,2649,309,2861,13132,560,10692,546,434,2699,2140,850,24568,1296,2423,3355,682,1181,3943,62,3200,1705,8586,12607,11731,9921,13358,3273,712,1253,1293,602,3962,1244,5406,65,1858,818,8531,6476,1816,235,1832,3155,723,3349,
sum_point = 451065
iter = 3; cov = 0.0571475; num_words_ = 128 : 663,2157,52,1520,925,1053,501,1265,20595,539,2355,1447,1307,2339,2552,2315,4034,1089,3700,2764,262,2058,13932,700,11087,564,352,2442,1633,1305,10253,1587,4029,2727,1148,670,3404,40,1478,2960,5044,13205,8437,22520,10464,4719,633,539,1827,953,2973,671,2668,41,2705,1320,11716,4656,1807,261,7672,1751,286,2524,621,1602,33,2908,758,1124,998,1261,7206,1203,3458,996,538,1886,1800,2700,4322,973,5248,2624,328,2859,13475,533,11007,518,456,2648,2217,762,28600,1386,1745,3382,684,1204,4139,109,3493,1822,8890,12453,13032,8582,12309,3233,767,1232,1235,499,4450,1323,5418,71,1796,815,8300,6579,1815,240,1650,3337,734,3484,
sum_point = 451065
iter = 4; cov = 0.0567946; num_words_ = 128 : 616,2148,53,1448,927,1063,476,1235,21549,515,2373,1431,1335,2338,2479,2168,3988,1072,3700,2699,290,2004,14830,722,11156,568,274,2436,1656,1269,9018,1800,4401,2790,1112,655,3414,44,1425,3129,5279,11635,8608,22214,9010,4722,652,510,1900,1055,3080,694,2667,43,2666,1357,12556,4757,1806,267,8425,1773,276,2459,624,1558,33,2978,758,1150,1052,1304,4446,1228,3646,1018,509,1892,1694,2657,4335,969,5321,2632,323,2891,13794,525,11152,518,458,2406,2241,712,33039,1451,1480,3410,695,1142,4289,263,3845,1962,9184,12151,13683,5893,10811,3270,778,1218,1179,479,5208,1402,5396,69,1731,826,8091,6733,1819,244,1583,3496,743,3661,
sum_point = 451065
iter = 5; cov = 0.0565862; num_words_ = 128 : 589,2114,53,1383,931,1060,464,1214,22345,491,2398,1420,1344,2339,2388,2046,3899,1043,3698,2644,313,1948,15735,736,11385,572,224,2435,1681,1280,8349,2029,4512,2856,1068,627,3445,49,1380,3268,5541,9705,9093,20401,8382,4688,658,493,1959,1092,3179,726,2666,47,2691,1361,12946,4891,1811,272,9114,1779,274,2425,626,1515,33,3059,758,1174,1081,1284,3041,1257,3736,1038,487,1887,1626,2630,4440,966,5377,2691,309,2902,13887,533,11460,526,475,2385,2257,659,33802,1524,1436,3387,712,1080,4445,463,4133,2097,9750,11971,14018,5364,9458,3333,774,1210,1121,487,6427,1475,5374,72,1679,841,7918,6839,1814,244,1542,3638,754,3835,
sum_point = 451065
iter = 6; cov = 0.0564371; num_words_ = 128 : 560,2120,57,1325,934,1073,459,1204,22168,479,2427,1419,1340,2336,2296,1969,3786,1030,3695,2594,333,1927,16702,733,11564,546,202,2428,1708,1314,7626,2159,4561,2907,1040,622,3491,46,1338,3405,5785,7435,9590,18028,8074,4669,682,473,1994,1095,3332,753,2665,51,2709,1370,12972,4991,1818,274,9735,1772,274,2418,636,1512,33,3100,757,1189,1108,1288,2721,1269,3776,1047,477,1890,1565,2604,4636,954,5388,2759,283,2939,13877,561,11675,532,476,2385,2248,631,34262,1573,1445,3363,718,1054,4667,573,4553,2245,10476,11899,14082,5142,8459,3415,743,1213,1075,504,8048,1513,5336,82,1661,852,7941,6942,1817,244,1511,3740,792,3927,
sum_point = 451065
iter = 7; cov = 0.0563089; num_words_ = 128 : 534,2088,64,1293,936,1090,448,1212,21372,471,2431,1418,1336,2333,2241,1911,3637,1020,3693,2558,354,1903,17711,731,11732,522,186,2425,1719,1331,7171,2289,4588,2942,1016,621,3580,39,1330,3535,6011,6184,9794,15631,7821,4619,688,466,2004,1091,3626,788,2665,58,2721,1371,12795,5053,1829,275,10285,1788,281,2463,640,1499,33,3117,757,1206,1141,1298,2699,1276,3798,1058,471,1888,1514,2563,4933,955,5344,2861,253,2952,13883,573,11800,553,476,2385,2263,613,34178,1603,1449,3342,728,1035,4835,620,5030,2390,11209,11745,13907,4812,7918,3520,708,1198,1029,516,9536,1520,5304,164,1654,863,8066,7044,1819,244,1523,3824,834,3978,
sum_point = 451065
iter = 8; cov = 0.0561933; num_words_ = 128 : 505,2031,67,1261,937,1086,438,1229,20702,469,2460,1414,1345,2333,2187,1863,3507,1021,3694,2496,370,1904,18709,715,11672,501,181,2422,1724,1373,6939,2425,4597,2969,983,622,3711,36,1339,3676,6281,5180,9715,13784,7575,4565,688,453,2003,1076,4048,802,2669,73,2789,1360,12430,5042,1835,276,10718,1796,291,2488,644,1482,35,3133,759,1240,1195,1301,2683,1276,3774,1069,466,1893,1463,2500,5230,954,5220,2985,221,2961,13691,579,12136,576,472,2383,2264,616,33545,1616,1452,3325,759,1017,4953,656,5531,2500,11968,11468,13855,4534,7499,3614,669,1185,994,533,10745,1508,5274,419,1657,877,8306,7208,1825,245,1538,3888,891,3960,
sum_point = 451065
iter = 9; cov = 0.0560808; num_words_ = 128 : 479,2064,68,1250,938,1095,436,1242,20201,467,2508,1405,1360,2333,2156,1834,3389,1037,3694,2455,394,1887,19540,698,11482,489,179,2422,1731,1413,6736,2523,4618,2986,955,631,3831,38,1351,3860,6611,4419,9792,12295,7291,4490,690,443,2003,1067,4620,821,2672,83,2769,1347,12014,5071,1835,277,11156,1791,304,2512,653,1466,37,3170,759,1257,1241,1304,2684,1281,3685,1081,461,1900,1396,2418,5495,953,5042,3132,165,3016,13325,575,12494,605,471,2379,2252,617,32472,1630,1452,3321,781,997,5115,676,6063,2591,12602,11171,13490,4507,7146,3712,629,1156,969,543,11785,1517,5233,523,1701,892,8642,7415,1825,245,1561,3918,948,3975,
sum_point = 451065
iter = 10; cov = 0.0559702; num_words_ = 128 : 460,2069,66,1246,937,1107,437,1264,19244,467,2605,1399,1376,2332,2120,1797,3301,1045,3698,2385,411,1904,20315,694,11124,477,179,2428,1729,1444,6599,2635,4627,3003,919,650,3918,42,1429,4151,6919,4164,10144,11270,6841,4401,696,436,1998,1058,4668,853,2677,87,2784,1337,11606,5095,1833,279,11500,1808,317,2515,651,1462,40,3209,758,1280,1285,1305,2682,1280,3588,1091,459,1907,1365,2326,5791,955,5059,3289,132,3043,12915,567,13016,639,471,2378,2245,622,30895,1664,1455,3323,810,971,5290,694,6640,2646,13176,11044,12921,4496,6871,3795,587,1119,940,553,12789,1553,5182,544,1733,904,9043,7659,1834,245,1590,3932,1019,4019,
sum_point = 451065
iter = 11; cov = 0.0558672; num_words_ = 128 : 439,2094,64,1234,937,1128,434,1275,17997,467,2698,1393,1378,2331,2131,1774,3230,1059,3702,2283,417,1925,20967,695,10673,462,179,2441,1726,1473,6493,2715,4638,3021,887,684,4009,48,1524,4418,7208,4158,10675,10638,6069,4302,703,431,1985,1046,4290,892,2682,89,2807,1335,11330,5156,1831,279,11876,1815,339,2532,645,1452,43,3260,758,1324,1318,1313,2682,1277,3477,1096,458,1910,1349,2216,5995,953,5080,3481,132,3086,12402,561,13431,652,473,2383,2242,637,29694,1681,1457,3330,848,959,5450,712,7376,2710,13667,10869,12628,4483,6573,3840,542,1061,913,565,13516,1571,5149,559,1786,910,9487,7943,1840,245,1608,3954,1105,4037,
sum_point = 451065
iter = 12; cov = 0.0557824; num_words_ = 128 : 428,2142,65,1239,937,1153,438,1305,16624,467,2787,1387,1368,2330,2151,1760,3155,1084,3706,2202,420,1948,21004,693,9977,454,180,2454,1719,1531,6439,2787,4653,3042,856,718,4059,53,1651,4648,7482,4156,10835,10230,5664,4242,702,425,1961,1039,4050,928,2680,91,2818,1329,11147,5336,1830,279,12315,1845,355,2532,635,1456,43,3295,758,1350,1343,1316,2679,1270,3376,1101,453,1908,1327,2112,6154,952,5096,3706,132,3144,11952,557,13920,669,473,2394,2265,653,28859,1691,1456,3318,875,939,5630,720,8101,2748,14154,10652,12697,4478,6340,3865,510,1017,899,573,13861,1588,5115,561,1827,916,9836,8153,1843,245,1653,3987,1184,4000,
sum_point = 451065
iter = 13; cov = 0.05572; num_words_ = 128 : 412,2151,67,1244,937,1167,432,1313,15141,467,2864,1385,1368,2328,2185,1756,3104,1099,3710,2152,423,1960,21018,684,9211,442,180,2447,1718,1604,6403,2852,4656,3050,821,766,4083,58,1850,4841,7725,4156,10775,9984,5526,4181,695,427,1938,1033,4071,956,2679,91,2803,1330,11017,5537,1830,277,12635,1863,378,2523,636,1455,43,3347,758,1375,1364,1313,2680,1262,3252,1102,454,1911,1303,2030,6267,952,5102,3908,132,3193,11489,552,14451,683,473,2399,2273,660,28231,1700,1456,3317,929,923,5877,739,8659,2813,14516,10340,12733,4481,6275,3891,498,984,884,578,13906,1624,5032,573,1867,917,10292,8350,1845,244,1712,3996,1276,4009,
sum_point = 451065
iter = 14; cov = 0.0556596; num_words_ = 128 : 401,2138,72,1252,937,1201,438,1318,13553,467,2972,1385,1355,2326,2199,1763,3078,1106,3714,2145,425,1975,21200,680,8587,436,180,2437,1709,1664,6381,2890,4662,3058,803,818,4096,66,2121,5110,7871,4153,10771,9728,5462,4141,687,427,1914,1030,4066,984,2680,90,2802,1331,10958,5784,1829,275,12931,1873,392,2527,636,1464,43,3378,758,1395,1387,1318,2679,1251,3112,1103,453,1913,1289,1981,6308,957,5095,4076,132,3227,11122,550,14824,682,476,2406,2282,685,27893,1693,1458,3314,973,902,6099,751,9150,2881,14677,9802,12794,4478,6258,3918,494,954,871,580,13706,1661,4955,583,1894,916,10787,8534,1843,243,1779,4014,1331,4073,
sum_point = 451065
iter = 15; cov = 0.0556051; num_words_ = 128 : 386,2126,70,1280,937,1231,444,1331,12244,465,3018,1385,1340,2327,2220,1769,3060,1116,3719,2148,425,1994,21688,687,8194,431,180,2431,1706,1781,6362,2931,4661,3067,783,861,4075,82,2393,5330,7999,4153,10714,9470,5421,4120,688,431,1889,1028,3929,1003,2679,88,2807,1330,10865,6046,1828,272,13137,1879,402,2541,642,1454,47,3398,758,1410,1405,1317,2677,1238,3025,1104,449,1916,1283,1944,6373,954,5089,4212,132,3265,10682,553,15179,690,478,2415,2265,708,27121,1680,1457,3305,1028,884,6326,758,9597,2931,14788,9697,12990,4486,6251,3916,484,926,855,582,13167,1702,4877,600,1917,916,11170,8663,1843,243,1839,4055,1381,4171,
sum_point = 451065
iter = 16; cov = 0.0555624; num_words_ = 128 : 380,2089,69,1315,937,1255,453,1322,10901,464,3060,1384,1323,2326,2240,1763,3042,1136,3727,2151,425,2007,22318,702,7880,427,180,2427,1712,1950,6340,2954,4658,3072,779,899,4073,117,2671,5634,8031,4155,10619,9229,5402,4124,684,432,1855,1028,4000,1020,2679,90,2823,1329,10819,6352,1826,271,13327,1888,414,2559,644,1457,49,3422,757,1430,1418,1317,2677,1223,2953,1104,444,1915,1269,1897,6400,953,5083,4316,132,3264,10143,556,15544,698,480,2429,2281,713,26090,1690,1458,3301,1058,864,6509,761,9896,2963,14900,9650,13262,4495,6223,3911,484,900,846,582,12598,1733,4786,610,1927,916,11625,8711,1840,243,1909,4091,1432,4315,
sum_point = 451065
abs(cov - cov_pre) < KMEANS_STOP_THRESHOLD / 1000 && sign_num_sum == false4.26732e-005 < 5e-005, sign_num_sum = 0, num_words_ : 128 , break 
1complete
--------------------------------------------------------------------------------------
cov = 0.0555624
num_words_ = 128
splitCenter=1 num_words_=256
2...:
--------------------------------------------------------------------------------------
D:\kaggle\Right_Whale_Recognition\data\hoc_description
iter = 0; cov = 0.0538677; num_words_ = 256 : 179,1011,40,660,441,623,252,623,4103,210,1427,639,653,987,1099,847,1407,501,1664,1083,190,953,11601,333,3097,219,79,1139,843,1073,2415,1375,2105,1406,346,459,1917,75,1346,2982,3775,1929,5102,4502,2608,2048,328,194,905,489,1925,479,1209,41,1398,629,4963,3094,833,121,6186,889,200,1243,260,690,26,1685,357,646,675,608,1210,592,1345,529,201,875,586,863,3042,436,2461,2042,66,1603,4247,260,7153,356,242,1140,1185,316,20411,766,778,1435,511,397,3112,347,4565,1390,7059,4515,6401,2232,2999,1818,269,392,396,250,5473,824,2398,302,880,444,5805,4109,837,103,871,1896,721,2143,194,1055,30,699,497,660,203,707,5577,252,1655,745,663,1342,1158,902,1604,644,2069,1076,235,1070,11326,379,4606,205,101,1285,877,1041,3905,1620,2546,1667,417,473,2182,94,1569,3004,4353,2222,5293,4569,2774,2091,357,239,932,539,2126,547,1467,52,1430,699,5811,3518,992,149,7355,1009,220,1348,383,770,25,1746,400,803,760,711,1468,607,1560,576,241,1039,671,986,3360,521,2622,2343,66,1688,5148,303,8717,346,239,1301,1105,413,4713,923,678,1869,563,458,3536,411,5572,1570,8004,5100,7235,2279,3204,2093,212,483,440,332,6528,909,2257,326,1051,472,6191,4723,1001,140,1122,2209,776,2303,
sum_point = 451065
iter = 1; cov = 0.0513175; num_words_ = 256 : 204,1274,42,784,414,966,309,631,3596,308,1520,683,562,934,1350,1026,1566,515,1469,1247,212,1062,15988,308,3056,285,60,1386,847,1257,1755,1440,1938,1262,345,595,2017,81,1199,3327,3739,1805,6477,3654,2324,2200,368,149,866,474,2396,596,1213,44,1442,604,5000,3632,944,122,5995,931,272,1208,212,782,23,1814,383,572,907,600,1201,621,1319,456,168,956,543,774,2819,414,3519,2095,88,1862,4601,286,6333,502,223,1414,1188,296,17321,638,917,583,513,453,3067,378,3881,1346,6357,3780,7704,3001,3409,1873,315,378,368,240,5500,931,3290,281,943,601,5615,4129,665,93,741,2052,891,2390,192,880,40,694,527,460,146,724,5709,188,1541,776,736,1492,1059,751,1362,733,2273,969,233,923,7740,409,5028,175,162,1302,755,1003,4961,1458,2920,1889,460,394,2118,185,1833,2837,4205,2554,4126,5269,3245,1899,318,271,994,514,2112,430,1575,57,1201,660,5109,3154,898,164,6858,984,218,1357,439,692,21,1628,382,1048,644,698,1632,637,1421,660,316,999,716,1084,3247,527,1941,2265,54,1477,4203,298,8870,285,272,1153,1110,471,4380,1055,680,2710,633,346,3507,354,5736,1626,7315,6491,7222,1972,3328,2039,193,473,461,393,6012,813,2186,373,897,401,5817,4522,1308,153,1475,2025,684,2196,
sum_point = 451065
iter = 2; cov = 0.0505701; num_words_ = 256 : 212,1361,44,812,413,1214,280,662,3346,383,1487,664,529,936,1488,1156,1505,513,1313,1472,212,1023,17628,305,2578,303,55,1452,857,1389,1777,1642,1903,1182,318,694,2101,90,1152,4380,4118,1765,6091,3018,1865,2283,380,130,820,518,2450,702,1180,45,1257,595,5442,4284,1053,117,6241,886,314,1249,187,850,20,1828,395,479,928,595,1206,627,1201,437,150,1062,509,654,2644,364,3503,2015,110,1963,4783,280,6356,572,211,1712,1207,277,15361,571,928,559,500,532,2883,437,3730,1363,6415,3197,7987,3259,3451,1753,302,317,339,222,5671,1134,3255,259,808,658,6089,3932,649,80,695,2089,1006,2196,206,805,46,812,543,364,138,691,5560,172,1442,852,835,1569,1024,667,1355,799,2490,858,271,929,6216,453,4728,144,181,1283,660,1030,4954,1387,3170,2116,529,362,2193,285,2085,2795,3549,2729,3828,5095,3501,1763,328,290,1071,526,2130,358,1732,67,1097,680,4589,2827,871,195,6200,1015,221,1356,511,694,20,1561,374,1309,617,665,1656,640,1563,722,335,979,763,1173,3182,532,2059,2398,52,1437,3368,310,8733,246,334,1141,1131,501,4611,1111,696,2695,713,296,3687,324,5887,1681,6489,7401,7931,1894,3354,2165,196,574,538,395,5299,748,2652,445,954,380,5777,4184,1326,167,1883,2012,634,2557,
sum_point = 451065
iter = 3; cov = 0.0501387; num_words_ = 256 : 210,1358,39,764,417,1345,273,718,3271,420,1447,674,530,975,1463,1247,1514,528,1355,1558,218,1012,17844,292,2484,311,54,1485,872,1502,1787,1903,1926,1172,300,766,2109,115,1223,6222,4355,1752,5472,2817,1887,2319,383,121,802,551,2466,779,1168,46,1198,598,5974,4465,1134,114,6613,904,335,1313,167,893,19,1776,398,429,906,589,1225,637,1158,419,137,1147,496,594,2743,331,3485,1881,113,1915,4850,280,5869,598,206,1811,1255,283,13563,531,928,565,488,598,2986,476,3548,1374,6866,3172,8032,2901,3444,1685,306,277,330,210,5554,1216,3235,263,705,682,6593,3714,648,82,692,2119,1071,2060,208,810,55,888,548,335,136,639,5433,172,1381,852,858,1553,1009,653,1433,830,2572,810,280,954,5731,495,4591,136,193,1283,605,1090,4955,1422,3216,2276,581,336,2201,379,2247,2787,3181,2776,3332,4399,3510,1747,337,311,1052,540,2135,331,1762,73,1083,681,4083,2674,882,220,5990,1046,228,1331,569,703,19,1529,374,1435,607,653,1639,654,1663,755,352,995,811,1181,3026,521,2077,2533,54,1400,3113,322,9027,221,379,1151,1146,491,4833,1137,698,2578,760,282,4019,338,6142,1639,6016,7235,8105,2000,3329,2163,205,670,569,393,4404,729,2857,507,1068,380,5876,3994,1328,176,2210,2059,614,2922,
sum_point = 451065
iter = 4; cov = 0.0498797; num_words_ = 256 : 210,1400,37,705,425,1415,273,771,3247,448,1381,697,547,1009,1381,1308,1465,535,1420,1635,221,1003,17158,286,2405,332,54,1492,864,1625,1787,2258,1963,1203,289,780,2101,149,1282,8404,4586,1748,4878,2804,1922,2338,369,120,795,563,2467,838,1163,54,1159,618,6561,4394,1206,119,7061,931,352,1384,152,912,19,1683,399,414,918,593,1236,634,1140,411,140,1244,481,564,2970,311,3474,1801,116,1851,4449,271,5737,614,208,1821,1269,304,11746,486,930,567,490,671,3137,508,3232,1390,7218,3154,7726,2541,3399,1645,303,246,318,198,5582,1279,3222,272,653,691,6970,3388,648,92,699,2136,1097,2017,206,803,60,928,562,319,133,622,5403,174,1391,841,873,1530,1005,671,1486,860,2588,812,289,966,5459,540,4576,127,197,1283,585,1201,4947,1482,3198,2350,590,333,2235,467,2330,2862,2853,2794,2976,4139,3482,1799,349,341,1032,550,2133,313,1764,76,1121,659,3735,2632,874,233,5973,1083,238,1261,597,709,19,1482,373,1520,588,643,1631,663,1703,764,349,967,830,1146,3029,534,2080,2568,56,1412,3100,333,9048,218,395,1144,1198,464,4902,1138,699,2491,786,275,4247,340,6263,1578,6070,6961,8057,2181,3279,2146,214,753,599,401,3515,726,2913,547,1217,383,6213,3957,1327,183,2417,2076,612,3160,
sum_point = 451065
cov < KMEANS_STOP_THRESHOLD : 0.0498797<0.05 break iter
iter = 4; cov = 0.0498797; num_words_ = 256 : 210,1400,37,705,425,1415,273,771,3247,448,1381,697,547,1009,1381,1308,1465,535,1420,1635,221,1003,17158,286,2405,332,54,1492,864,1625,1787,2258,1963,1203,289,780,2101,149,1282,8404,4586,1748,4878,2804,1922,2338,369,120,795,563,2467,838,1163,54,1159,618,6561,4394,1206,119,7061,931,352,1384,152,912,19,1683,399,414,918,593,1236,634,1140,411,140,1244,481,564,2970,311,3474,1801,116,1851,4449,271,5737,614,208,1821,1269,304,11746,486,930,567,490,671,3137,508,3232,1390,7218,3154,7726,2541,3399,1645,303,246,318,198,5582,1279,3222,272,653,691,6970,3388,648,92,699,2136,1097,2017,206,803,60,928,562,319,133,622,5403,174,1391,841,873,1530,1005,671,1486,860,2588,812,289,966,5459,540,4576,127,197,1283,585,1201,4947,1482,3198,2350,590,333,2235,467,2330,2862,2853,2794,2976,4139,3482,1799,349,341,1032,550,2133,313,1764,76,1121,659,3735,2632,874,233,5973,1083,238,1261,597,709,19,1482,373,1520,588,643,1631,663,1703,764,349,967,830,1146,3029,534,2080,2568,56,1412,3100,333,9048,218,395,1144,1198,464,4902,1138,699,2491,786,275,4247,340,6263,1578,6070,6961,8057,2181,3279,2146,214,753,599,401,3515,726,2913,547,1217,383,6213,3957,1327,183,2417,2076,612,3160,
sum_point = 451065
2complete
--------------------------------------------------------------------------------------
cov = 0.0498797
num_words_ = 256
splitCenter=1 num_words_=500
3...:
--------------------------------------------------------------------------------------
D:\kaggle\Right_Whale_Recognition\data\hoc_description
iter = 0; cov = 0.0478753; num_words_ = 500 : 99,698,18,342,447,743,138,395,1846,236,638,356,239,451,623,641,680,231,1503,826,102,499,7788,149,1402,174,28,688,418,867,841,1376,992,1240,148,403,1000,85,716,5084,2252,837,1977,1307,934,1159,173,67,378,283,1189,440,553,24,546,297,3129,2213,578,75,3541,450,193,707,69,457,19,726,190,187,453,281,600,300,514,187,60,597,224,231,1526,131,1614,855,53,888,1778,119,2785,282,102,860,565,183,4547,208,475,267,208,361,1700,252,1509,687,3788,1384,3424,1135,1570,808,173,116,144,94,2522,644,1570,133,321,331,3017,1515,280,59,345,1048,525,948,100,390,34,482,281,141,60,311,2453,177,637,384,387,730,487,359,736,432,2538,415,136,446,2957,279,2043,71,101,615,303,653,4945,748,3185,2378,274,147,1089,285,1225,1521,1204,2800,1207,1955,1650,932,175,156,500,261,1011,140,811,38,539,310,1694,1292,391,108,2762,546,101,606,276,361,20,651,188,784,296,321,776,351,830,372,153,470,342,555,1522,262,998,1276,25,680,1665,169,4464,111,198,611,578,218,3597,561,322,2439,377,131,2009,174,3122,734,3060,2740,3859,1165,1469,1043,98,386,307,189,1706,341,1383,287,587,188,3273,1917,616,81,1237,983,252,1677,108,755,16,312,717,139,399,1380,231,725,371,318,578,683,666,739,305,879,122,503,8751,135,954,177,26,806,443,867,944,1245,996,136,365,1098,127,648,4992,2595,912,2684,1492,1035,1206,170,55,411,294,1274,439,609,38,615,332,4000,2213,665,47,3967,481,178,771,83,465,882,210,221,461,310,644,342,606,219,80,674,239,293,1631,166,1857,894,64,906,2256,145,2919,357,106,964,722,146,5310,270,455,303,281,352,1684,261,1491,708,3706,1719,3730,1323,1724,818,139,120,164,101,3087,689,1649,149,318,372,3990,1649,368,44,354,1092,585,1024,100,416,31,477,294,172,75,290,2904,746,442,486,787,503,336,777,449,379,158,517,2104,297,2570,52,94,670,278,665,800,318,187,1206,282,1186,1623,1342,1448,1999,1762,918,190,197,511,284,1120,165,952,40,652,338,1750,1343,447,126,3248,560,135,588,338,368,807,184,773,289,338,848,304,889,390,212,479,504,582,1565,272,1083,1298,33,768,1450,164,4272,108,201,528,648,230,1461,578,377,439,147,2313,176,3078,808,3234,4013,4155,1017,1772,1045,127,449,314,217,1383,409,1544,284,715,197,3266,2110,712,104,1376,1114,362,1675,
sum_point = 451065
cov < KMEANS_STOP_THRESHOLD : 0.0478753<0.05 break iter
iter = 0; cov = 0.0478753; num_words_ = 500 : 99,698,18,342,447,743,138,395,1846,236,638,356,239,451,623,641,680,231,1503,826,102,499,7788,149,1402,174,28,688,418,867,841,1376,992,1240,148,403,1000,85,716,5084,2252,837,1977,1307,934,1159,173,67,378,283,1189,440,553,24,546,297,3129,2213,578,75,3541,450,193,707,69,457,19,726,190,187,453,281,600,300,514,187,60,597,224,231,1526,131,1614,855,53,888,1778,119,2785,282,102,860,565,183,4547,208,475,267,208,361,1700,252,1509,687,3788,1384,3424,1135,1570,808,173,116,144,94,2522,644,1570,133,321,331,3017,1515,280,59,345,1048,525,948,100,390,34,482,281,141,60,311,2453,177,637,384,387,730,487,359,736,432,2538,415,136,446,2957,279,2043,71,101,615,303,653,4945,748,3185,2378,274,147,1089,285,1225,1521,1204,2800,1207,1955,1650,932,175,156,500,261,1011,140,811,38,539,310,1694,1292,391,108,2762,546,101,606,276,361,20,651,188,784,296,321,776,351,830,372,153,470,342,555,1522,262,998,1276,25,680,1665,169,4464,111,198,611,578,218,3597,561,322,2439,377,131,2009,174,3122,734,3060,2740,3859,1165,1469,1043,98,386,307,189,1706,341,1383,287,587,188,3273,1917,616,81,1237,983,252,1677,108,755,16,312,717,139,399,1380,231,725,371,318,578,683,666,739,305,879,122,503,8751,135,954,177,26,806,443,867,944,1245,996,136,365,1098,127,648,4992,2595,912,2684,1492,1035,1206,170,55,411,294,1274,439,609,38,615,332,4000,2213,665,47,3967,481,178,771,83,465,882,210,221,461,310,644,342,606,219,80,674,239,293,1631,166,1857,894,64,906,2256,145,2919,357,106,964,722,146,5310,270,455,303,281,352,1684,261,1491,708,3706,1719,3730,1323,1724,818,139,120,164,101,3087,689,1649,149,318,372,3990,1649,368,44,354,1092,585,1024,100,416,31,477,294,172,75,290,2904,746,442,486,787,503,336,777,449,379,158,517,2104,297,2570,52,94,670,278,665,800,318,187,1206,282,1186,1623,1342,1448,1999,1762,918,190,197,511,284,1120,165,952,40,652,338,1750,1343,447,126,3248,560,135,588,338,368,807,184,773,289,338,848,304,889,390,212,479,504,582,1565,272,1083,1298,33,768,1450,164,4272,108,201,528,648,230,1461,578,377,439,147,2313,176,3078,808,3234,4013,4155,1017,1772,1045,127,449,314,217,1383,409,1544,284,715,197,3266,2110,712,104,1376,1114,362,1675,
sum_point = 451065
3complete
--------------------------------------------------------------------------------------
cov = 0.0478753
num_words_ = 500
splitCenter=1 num_words_=974
4...:
--------------------------------------------------------------------------------------
D:\kaggle\Right_Whale_Recognition\data\hoc_description
