0...:
--------------------------------------------------------------------------------------
D:\kaggle\Right_Whale_Recognition\data\hoc_description
iter = 0; cov = 0.0723965; num_words_ = 64 : 5076,12,5392,4212,9665,14,1468,3045,13794,473,568,676,0,82,2009,5795,4153,41,113,1090,253,27871,17186,17,449,6651,1452,802,138215,13342,3923,7820,25303,533,1627,3,9367,23,1717,83,2878,3469,235,263,5654,260,15119,8,0,314,80,973,76974,3030,10672,2452,295,885,584,1963,7254,602,1130,1656,
sum_point = 451065
deleteCenter == true
iter = 1; cov = 0.066778; num_words_ = 62 : 3432,5456,7875,26,3555,2262,7743,2362,5766,1470,1461,1494,4168,5275,2729,1241,561,1515,396,30110,25584,365,687,18841,3771,6479,82659,23936,4238,5536,23972,556,1842,56,17616,146,2593,334,4872,3550,617,587,5865,728,11107,33,0,1289,514,6200,65960,2950,8858,8194,584,1213,1308,8236,6502,717,1916,1157,
sum_point = 451065
deleteCenter == true
iter = 2; cov = 0.0654519; num_words_ = 61 : 5819,6897,47,3967,2240,7143,2907,11796,1917,1,4111,4610,5435,2715,1400,979,1981,432,27791,31300,621,885,23452,4021,10597,65433,32877,3550,7133,17480,513,3768,90,16409,220,3007,582,5463,3341,605,655,5145,1100,8378,55,1460,1749,1224,8210,55114,3101,7513,10602,717,1387,2316,7865,6603,787,2500,1049,
sum_point = 451065
iter = 3; cov = 0.0647377; num_words_ = 61 : 5913,6895,127,4357,2180,7153,3262,14830,2254,360,6586,5042,5667,2774,1326,1497,2179,458,25602,34584,644,1038,25499,4046,11582,57341,35746,3455,7353,12797,519,3167,105,15968,252,3138,747,6144,3062,572,767,4447,1502,6798,71,1460,2197,2115,9248,50827,3359,7049,11815,873,1383,2246,7769,6187,844,2886,1001,
sum_point = 451065
iter = 4; cov = 0.0641891; num_words_ = 61 : 5876,7045,167,4681,2181,7295,3740,16380,2532,962,8621,5436,5893,2865,1313,2216,2339,458,23791,36156,649,1139,26450,4054,11738,53723,35254,3497,7133,8313,564,2815,109,16084,264,3295,1040,6762,2880,559,900,3871,1767,5731,77,1461,2536,2554,10283,49806,3243,6740,12972,901,1356,2288,7681,5720,924,3012,973,
sum_point = 451065
iter = 5; cov = 0.0638474; num_words_ = 61 : 5772,7126,155,4981,2196,7444,4270,17344,2815,1081,9697,5757,6128,2901,1307,3268,2540,440,22689,36387,652,1237,26835,4077,11680,50329,33899,3634,6755,6826,628,2572,112,16666,268,3584,1375,7237,2712,552,1025,3518,1898,4980,80,1461,2836,2332,11536,49543,3063,6452,14105,902,1378,2343,7433,5249,992,3064,947,
sum_point = 451065
iter = 6; cov = 0.0635508; num_words_ = 61 : 5598,7212,147,5178,2232,7551,4803,17997,3076,1114,9664,6113,6210,2954,1301,4977,2751,440,22247,35802,652,1253,26982,4098,11494,47505,33191,3824,6332,5773,691,2395,111,17266,269,3852,1706,7633,2626,561,1129,3259,1975,4399,84,1461,3083,1632,13074,49548,2931,6274,14961,866,1422,2359,7113,4823,1069,3079,943,
sum_point = 451065
iter = 7; cov = 0.0633326; num_words_ = 61 : 5369,7335,135,5357,2277,7617,5202,18414,3295,1121,8633,6375,6258,2989,1300,6683,2961,446,22262,35093,652,1260,26076,4179,11258,45207,32660,4007,6013,5479,759,2227,119,17559,271,4109,1973,7978,2558,591,1214,3042,2020,3908,86,1461,3447,1349,14884,50069,2772,6083,15478,829,1482,2342,6785,4553,1130,3161,913,
sum_point = 451065
iter = 8; cov = 0.0631407; num_words_ = 61 : 5186,7513,127,5503,2376,7483,5578,18779,3522,1124,6804,6502,6297,3053,1300,8012,3148,464,22482,34039,652,1253,25106,4280,11033,43286,32259,4187,5670,5388,803,2115,119,17840,275,4461,2174,8288,2520,632,1325,2877,2066,3514,87,1461,3786,1117,16774,51205,2624,6107,15733,812,1542,2247,6473,4399,1188,3193,902,
sum_point = 451065
iter = 9; cov = 0.0629594; num_words_ = 61 : 5010,7719,122,5578,2492,7315,5916,19113,3734,1126,5150,6544,6299,3081,1302,8964,3335,486,22880,32964,652,1264,24176,4444,10906,41115,32236,4359,5390,5343,839,2025,121,18382,276,4863,2338,8580,2470,674,1453,2780,2088,3175,88,1461,4028,1018,18513,51836,2524,6237,15857,804,1596,2153,6208,4324,1252,3203,884,
sum_point = 451065
iter = 10; cov = 0.0628408; num_words_ = 61 : 4785,7933,121,5698,2591,7173,6214,19551,3941,1125,4486,6517,6240,3142,1300,9634,3478,514,23303,31896,652,1271,23263,4640,10852,38709,32063,4555,5089,5327,890,1963,122,19018,277,5330,2526,8857,2436,709,1598,2699,2103,2947,88,1461,4312,1023,19836,51925,2436,6376,15911,807,1655,2038,5948,4303,1321,3215,872,
sum_point = 451065
iter = 11; cov = 0.0627398; num_words_ = 61 : 4585,8197,120,5737,2743,6990,6455,20042,4085,1123,3892,6460,6226,3206,1299,10246,3617,555,23680,30494,650,1284,22606,4851,10813,36633,31858,4734,4865,5314,929,1895,122,19841,277,5739,2667,9157,2374,749,1766,2613,2104,2715,89,1461,4558,1028,20947,51866,2340,6522,15870,826,1712,1960,5790,4302,1372,3224,890,
sum_point = 451065
iter = 12; cov = 0.062666; num_words_ = 61 : 4456,8435,120,5818,2904,6832,6724,20655,4254,1122,3721,6356,6196,3270,1299,10823,3755,588,24047,28781,650,1314,22010,5009,10800,34869,31445,4913,4621,5306,949,1849,119,20699,277,6154,2866,9379,2314,783,1943,2555,2059,2536,91,1461,4799,1031,21849,51677,2249,6635,15692,856,1751,1893,5641,4301,1419,3242,903,
sum_point = 451065
iter = 13; cov = 0.0626006; num_words_ = 61 : 4336,8748,120,5883,3073,6709,6902,21300,4467,1123,3666,6226,6154,3385,1299,11295,3853,625,24355,26971,650,1331,21382,5217,10771,33408,31031,5036,4406,5305,964,1806,121,21604,277,6594,3016,9527,2235,824,2090,2505,2009,2376,92,1461,5006,1032,22610,51485,2157,6752,15527,895,1782,1856,5508,4279,1466,3256,926,
sum_point = 451065
iter = 14; cov = 0.0625375; num_words_ = 61 : 4255,9019,120,5895,3219,6622,7134,22028,4675,1122,3643,6107,6063,3534,1298,11824,3974,662,24515,25157,650,1334,20842,5386,10754,31867,30698,5144,4164,5302,976,1771,120,22451,277,7067,3174,9685,2175,864,2229,2441,1983,2252,93,1461,5195,1036,23253,51304,2048,6816,15445,938,1806,1833,5450,4258,1485,3229,943,
sum_point = 451065
iter = 15; cov = 0.0624795; num_words_ = 61 : 4171,9283,121,5900,3283,6597,7394,22754,4877,1122,3635,6024,5944,3684,1298,12385,4047,696,24695,23301,650,1347,20344,5562,10703,30328,30299,5236,3953,5300,983,1739,120,23325,277,7553,3302,9837,2164,923,2355,2344,1958,2131,93,1461,5343,1036,23887,51226,1959,6810,15364,977,1820,1823,5410,4239,1535,3192,946,
sum_point = 451065
iter = 16; cov = 0.062428; num_words_ = 61 : 4076,9585,121,5929,3297,6609,7606,23483,5024,1122,3631,5874,5818,3895,1298,12962,4101,732,24889,21702,650,1362,19841,5779,10664,28664,29792,5350,3801,5297,1003,1718,120,24094,277,8018,3423,9923,2170,982,2499,2255,1932,2031,93,1461,5500,1034,24386,51271,1877,6745,15364,1027,1841,1818,5328,4248,1550,3188,935,
sum_point = 451065
iter = 17; cov = 0.0623812; num_words_ = 61 : 3991,9866,121,5888,3305,6644,7809,24154,5160,1125,3632,5790,5669,4095,1298,13666,4168,769,25042,20325,650,1368,19397,5975,10630,26893,29034,5467,3648,5295,1010,1700,119,24710,277,8482,3549,9985,2159,1017,2649,2160,1898,1942,93,1461,5663,1034,25012,51393,1814,6657,15442,1072,1851,1819,5281,4225,1576,3202,939,
sum_point = 451065
abs(cov - cov_pre) < KMEANS_STOP_THRESHOLD / 1000 && sign_num_sum == false4.67524e-005 < 5e-005, sign_num_sum = 0, num_words_ : 61 , break 
0complete
--------------------------------------------------------------------------------------
cov = 0.0623812
num_words_ = 61
do not need to split center
