0...:
--------------------------------------------------------------------------------------
D:\kaggle\Right_Whale_Recognition\data\hoc_description
iter = 0; cov = 0.0695933; num_words_ = 256 : 813,18,7,8,5105,215,28,179,180,530,6,1353,8,27,1829,861,74595,1512,33,2455,2994,4378,3100,3,26,479,196,3764,26,623,24549,9127,560,186,613,687,2355,4658,9726,16633,454274,1838,1190,3278,3382,776,189,3456,2,183,249,264,21139,5705,2141,562,5987,385,346,37272,4,22,4041,9445,8754,13519,288,64,667,6958,3784,2168,1165,70149,45,21,43,7947,754,112,2223,382,2260,919,896,426,64,6562,189,10388,874,4,385,7,1842,2833,1,451,7065,37,2429,1022,12,522,291,5,1967,5737,42,3722,658,131,3390,12,2827,298,3,15,2335,4,1564,2400,4,6024,1898,393,7344,20,247,1000,2197,74,13,5776,5739,31,8480,294,16597,326,3069,90314,1384,2,954,126,30,11,2590,6,2908,28006,343,258,805,3,13,943,3575,4676,17435,1354,66,13,65,211,2587,2097,7959,450,6457,241,1857,2421,50131,34,1,3349,396,2028,289,342,162,830,4387,2293,58926,2849,154,10100,3744,3435,1555,74,6006,6341,5733,9187,3,685,96,2445,556,4742,6,347,281,79,231,2633,10949,3597,14166,2390,107070,326,45,14225,1511,7,357,1397,10,8473,147,4058,3332,53,38,290,61,475,9,27,1300,1270,3661,732,4633,1379,2520,3226,538,965,1426,673,783,40540,103912,1346,374,2709,29,1771,637,1725,
sum_point = 1687505
iter = 1; cov = 0.0643475; num_words_ = 256 : 1724,66,49,15,3325,1563,97,416,1463,615,6,2977,33,1874,2808,1568,112977,1063,365,2775,2929,5930,2944,21,208,1523,1568,2550,141,569,27438,5882,648,672,853,1858,2100,4721,10215,12127,244630,1708,1995,2479,2454,1123,743,3402,43,159,1517,258,39222,2255,1924,1236,6085,452,9928,18797,8,215,4190,5854,10091,31900,834,284,1457,13979,2068,2678,1175,101491,3288,208,213,7020,1307,218,2510,905,2518,821,2359,2065,198,5548,1926,6652,1318,42,394,156,1505,3253,1,2907,5271,524,4147,4863,16,3031,560,52,2025,5388,2463,3047,1659,468,3295,49,3367,3190,38,280,3223,4,4608,6817,8,3960,4045,571,10877,103,485,1018,2044,454,16,5157,4386,273,9270,498,9270,787,4706,72161,1666,3,1569,426,130,84,1453,8,3431,61380,5339,445,1179,3,16,1338,6315,3052,22937,1589,800,435,202,210,4794,2137,8791,2303,5094,498,4557,3553,39628,59,2,3058,545,4123,1086,972,537,2558,3078,2670,79805,2340,536,7590,3272,3518,2416,562,3813,2688,3600,54077,3,1059,323,3680,1066,6258,6,2032,980,200,2841,1990,14005,2897,10754,5940,72443,1069,66,9809,4603,19,469,1988,405,19113,1417,7145,15914,251,516,587,116,864,104,131,2529,1437,5664,1499,3431,1781,2712,2778,2020,1221,2649,1126,900,29127,84970,1814,2710,1957,136,1789,1571,1235,
sum_point = 1687505
iter = 2; cov = 0.0629845; num_words_ = 256 : 2565,63,153,19,2360,2628,163,551,1722,629,9,4019,29,3028,3175,1175,106507,1007,970,3216,2554,5895,2817,29,457,1398,2049,2598,265,1101,26423,4644,763,749,1096,4076,2471,5595,9522,10532,187624,2045,2051,2261,2109,1303,1041,3136,56,161,2318,304,33281,2321,1908,1663,6146,518,13437,15492,10,336,3837,4768,10648,39519,1075,366,2013,12560,2006,3308,1033,107523,5099,437,292,5321,1222,271,2854,1149,2877,852,2848,1971,398,5367,3030,6194,2301,308,443,628,1519,2751,1,6204,4944,741,4229,8240,16,4218,608,171,1882,5445,3727,2877,2735,629,2892,92,4307,5850,65,511,2230,5,4909,8089,10,2982,4404,575,9936,313,573,1109,2134,731,17,4724,5062,671,10596,672,6688,1040,5273,66890,1774,4,2551,452,265,158,1485,10,3917,59465,5739,473,1511,5,16,1521,6255,3216,24607,1721,2203,2120,425,241,5506,1811,8167,3336,4167,712,4504,5203,35744,97,2,2357,815,5328,1309,1516,938,2313,2323,2930,78963,2253,715,6433,2994,3418,2419,1296,4135,2326,3181,71183,3,1474,378,3649,1522,5928,6,2517,1047,197,4431,1832,20374,2633,8786,8365,68860,1067,61,14164,8678,18,501,2013,708,17897,1164,10926,28823,690,676,1404,159,974,186,268,3098,1536,5280,1702,2679,1775,3259,3216,2624,1652,3312,1436,941,23466,69704,1873,5378,3384,190,1308,2419,1018,
sum_point = 1687505
iter = 3; cov = 0.0622352; num_words_ = 256 : 3375,48,303,21,1883,3437,202,595,1764,662,9,4506,35,3559,3480,962,96431,1013,1465,3490,2177,5717,2689,40,632,1222,2141,2806,415,1504,25108,4219,838,809,1183,5024,2914,6238,9488,10064,158634,2362,2142,2135,1876,1425,1169,2811,51,168,4165,340,30543,2585,1963,1932,6034,605,14742,14521,18,628,3667,4218,11502,41278,1221,399,2254,12205,2028,3829,1098,105756,6060,528,318,4408,1254,366,3070,1220,3153,899,2969,2003,543,5354,4178,5674,3357,645,542,1028,1534,2632,1,9678,4930,1024,4298,13731,16,4986,668,700,1845,5312,3739,2727,3407,724,2502,148,4883,7102,91,591,1931,5,4965,9011,11,2444,4514,695,9460,567,676,1210,2138,863,18,4289,5362,892,11343,735,5849,1181,5303,63278,1946,6,3073,456,411,173,1553,11,4257,55760,5964,505,1869,11,16,1702,5760,3141,23614,2406,5477,2101,699,303,6084,1587,7666,3578,3683,893,4670,6095,36457,167,2,1950,1069,7170,1460,1715,1326,2177,1860,3207,75004,2074,806,5681,2511,3538,2037,1573,4606,2096,2982,74389,3,1816,405,3581,2052,5578,5,2691,1141,173,4697,1769,22112,2400,8111,8946,64629,1130,55,21295,12741,21,515,2042,830,16352,811,12678,35636,1107,737,2033,209,1096,218,416,3623,1703,5066,1846,2181,1777,3431,3381,2849,2247,3408,1569,910,21916,62747,1868,8283,7611,228,1006,3197,950,
sum_point = 1687505
